2.708917602942088720e+00
7.664138529424110446e-01
-2.046622261884092908e-01
3.878452532820418353e-01
1.200500794140240135e+00
-5.005854737690477174e-01
3.654565287355154152e-02
1.428348209728691476e+00
-1.156309661773021746e+00
-3.701607084664090830e-01
-7.479003463401721896e-02
-5.667275877839795806e-01
-1.851076423334248044e+00
6.270902154736598400e-01
1.800498768831412688e+00
9.909971934317762798e-02
7.663875447302792576e-01
-2.292350868794454932e-01
-3.895856336388053148e-02
3.619952769366645007e-01
1.588210940739094856e-01
-8.345730642788783404e-01
5.805014395169555419e-01
-1.501840148792507879e-01
-2.503889956968085251e+00
1.288422131704706652e+00
-9.498828617379216910e-01
-1.127213489087215276e-01
9.782474025789753558e-01
-4.435847298842549025e-01
2.723786675260605472e-01
-7.932003780926891734e-01
1.229395242182683035e+00
-5.708338660943308440e-01
1.787619452450857627e-01
8.996013264376980345e+00
3.775204852606382777e-02
-6.229280312567445632e-01
1.038164164264490541e+00
3.078610948976998607e-01
5.675161565694986088e-01
1.399588162976220129e+00
6.296862910309313222e-01
3.346511757321804503e-02
1.668237029581154607e+00
5.245757320287768727e-02
-1.059362811395633930e+00
-1.467099000862598590e+00
-2.727076021706665299e-01
-1.629999959483685867e-01
8.892688357108486930e-01
-1.899733359746125672e+00
5.439959183226964479e-01
-1.526293140920095270e+00
7.575926254952461414e-02
-6.695927176632527900e-01
-7.606624688367871201e-01
-3.526739496643299110e-01
1.334783709187863376e-01
6.376996503764413848e-01
-3.288739455684739910e-01
9.486157406482668142e-01
-1.070176121999517171e+00
-2.563192236529069357e-01
-8.841734590883639777e-01
2.759958888755553730e-01
-1.113002639406462269e+00
-4.831674931782061616e-02
-6.905927053311604613e-01
-8.711365886907390665e-02
2.794698194093089838e-01
9.816002264039440373e-02
-4.504045803072943244e+01
8.328810383374419812e-01
-2.701118806477288636e+00
-3.411109603810968505e+00
-1.783765654305851767e+00
1.392124765434402445e+00
-1.014215819151288001e+00
4.299649297945517534e-01
-4.553326827806111754e-01
-3.242263432855500671e+00
2.768330434301950471e-01
1.420305765990701463e+00
-2.271868080796715650e-01
8.290503712455348229e-01
1.278149481063603377e+00
-3.562699186890736947e+00
1.940127778810361470e+00
-1.476130317409052761e+00
-5.153656122785061910e-01
-2.042650232727510229e+00
2.129432064496533383e-01
-4.946450163806652700e-01
-3.389968589883980421e-01
1.962518866115028071e-01
1.260210925825595796e+00
5.523098758409870079e-01
-1.412635526799323360e+00
9.879021613194082230e-01
-3.145188512451495555e+00
-2.664833089436985603e+00
6.583962012067089420e-01
8.911994267957700222e-01
1.881689859397275288e+00
-7.060999394579717259e-02
4.243951750381402821e-01
3.528622398968404017e-01
-2.123049331550002639e-01
3.378167275822671911e+01
9.278815691740366356e-01
-4.350815566678203905e-01
4.537933556425099435e-01
8.126031257030028043e-02
1.606138393674540366e+00
1.026752277434074490e+00
-1.573377321712198518e-01
-7.444750683086081011e-01
7.429885555724208279e-01
-3.194198070882857121e-01
1.836070447170545517e-01
8.053368838154716103e-02
1.905162144558676163e+00
-9.646398965403422121e-01
4.548633606731092627e+00
1.606903090590985350e+00
-6.704071351070237661e-01
-5.503984593848830764e-01
2.259213774344213554e+00
7.667639949297223589e-01
-2.404123163119272988e+00
4.795380420984604597e-01
-7.487008633047787659e-03
-1.873867716043504883e+00
2.339841227477040264e-01
-1.433980348549477979e+00
1.536209899050135830e+00
-1.803998205375551889e+00
-1.410548965891312623e+00
1.908848048281795329e+00
-1.680505420516017479e+00
2.301938067260431986e-01
2.296814270156682936e-01
-3.974710386833273379e-01
8.772260602446902977e-01
6.526190322631979512e-01
-7.814195950124186218e+00
-4.918477928159945556e+00
